{"workers": [{"id": "w_0", "cpu": 4, "memory": 1024, "disk": 4096}, {"id": "w_1", "cpu": 4, "memory": 1024, "disk": 4096}, {"id": "w_2", "cpu": 4, "memory": 1024, "disk": 4096}, {"id": "w_3", "cpu": 4, "memory": 1024, "disk": 4096}, {"id": "w_4", "cpu": 4, "memory": 1024, "disk": 4096}, {"id": "w_5", "cpu": 4, "memory": 1024, "disk": 4096}, {"id": "w_6", "cpu": 4, "memory": 1024, "disk": 4096}], "links": [{"id": "l_0", "response_time": 0.0}, {"id": "l_1", "response_time": 0.4677}, {"id": "l_2", "response_time": 0.4839}, {"id": "l_3", "response_time": 0.9225}, {"id": "l_4", "response_time": 0.0631}, {"id": "l_5", "response_time": 0.1114}, {"id": "l_6", "response_time": 0.7278}, {"id": "l_7", "response_time": 0.7961}, {"id": "l_8", "response_time": 0.5041}, {"id": "l_9", "response_time": 0.5349}, {"id": "l_10", "response_time": 0.2872}, {"id": "l_11", "response_time": 0.2175}, {"id": "l_12", "response_time": 0.092}, {"id": "l_13", "response_time": 0.261}, {"id": "l_14", "response_time": 0.5903}, {"id": "l_15", "response_time": 0.793}, {"id": "l_16", "response_time": 0.0677}, {"id": "l_17", "response_time": 0.3868}, {"id": "l_18", "response_time": 0.5941}, {"id": "l_19", "response_time": 0.5456}, {"id": "l_20", "response_time": 0.5256}, {"id": "l_21", "response_time": 0.5571}], "worker_graph": [[0.0, 0.4677, 0.4839, 0.9225, 0.0631, 0.1114, 0.7278], [0.4677, 0.0, 0.7961, 0.5041, 0.5349, 0.2872, 0.2175], [0.4839, 0.7961, 0.0, 0.092, 0.261, 0.5903, 0.793], [0.9225, 0.5041, 0.092, 0.0, 0.0677, 0.3868, 0.5941], [0.0631, 0.5349, 0.261, 0.0677, 0.0, 0.5456, 0.5256], [0.1114, 0.2872, 0.5903, 0.3868, 0.5456, 0.0, 0.5571], [0.7278, 0.2175, 0.793, 0.5941, 0.5256, 0.5571, 0.0]], "tasks": [{"id": "t_0", "cpu_required": 1, "memory_required": 512, "disk_required": 1024}, {"id": "t_1", "cpu_required": 1, "memory_required": 512, "disk_required": 1024}, {"id": "t_2", "cpu_required": 1, "memory_required": 512, "disk_required": 1024}, {"id": "t_3", "cpu_required": 1, "memory_required": 512, "disk_required": 1024}, {"id": "t_4", "cpu_required": 1, "memory_required": 512, "disk_required": 1024}, {"id": "t_5", "cpu_required": 1, "memory_required": 512, "disk_required": 1024}, {"id": "t_6", "cpu_required": 1, "memory_required": 512, "disk_required": 1024}], "deployments": {"w_0": ["t_0"], "w_1": ["t_1"], "w_2": ["t_2"], "w_3": ["t_3"], "w_4": ["t_4"], "w_5": ["t_5"], "w_6": ["t_6"]}, "task_affinity_graph": [[0.0, 0.7901, 0.9174, 0.4736, 0.5126, 0.6557, 0.9012], [0.7901, 0.0, 0.548, 0.3992, 0.0489, 0.7388, 0.8307], [0.9174, 0.548, 0.0, 0.2613, 0.0885, 0.5345, 0.3825], [0.4736, 0.3992, 0.2613, 0.0, 0.3557, 0.574, 0.9723], [0.5126, 0.0489, 0.0885, 0.3557, 0.0, 0.8091, 0.2825], [0.6557, 0.7388, 0.5345, 0.574, 0.8091, 0.0, 0.0615], [0.9012, 0.8307, 0.3825, 0.9723, 0.2825, 0.0615, 0.0]]}