{"workers": [{"id": "w_0", "cpu": 4, "memory": 1024, "disk": 4096}, {"id": "w_1", "cpu": 4, "memory": 1024, "disk": 4096}, {"id": "w_2", "cpu": 4, "memory": 1024, "disk": 4096}, {"id": "w_3", "cpu": 4, "memory": 1024, "disk": 4096}, {"id": "w_4", "cpu": 4, "memory": 1024, "disk": 4096}, {"id": "w_5", "cpu": 4, "memory": 1024, "disk": 4096}, {"id": "w_6", "cpu": 4, "memory": 1024, "disk": 4096}, {"id": "w_7", "cpu": 4, "memory": 1024, "disk": 4096}], "links": [{"id": "l_0", "response_time": 0.0}, {"id": "l_1", "response_time": 0.7848}, {"id": "l_2", "response_time": 0.7412}, {"id": "l_3", "response_time": 0.4268}, {"id": "l_4", "response_time": 0.8532}, {"id": "l_5", "response_time": 0.3379}, {"id": "l_6", "response_time": 0.4592}, {"id": "l_7", "response_time": 0.7258}, {"id": "l_8", "response_time": 0.0397}, {"id": "l_9", "response_time": 0.6124}, {"id": "l_10", "response_time": 0.9266}, {"id": "l_11", "response_time": 0.3605}, {"id": "l_12", "response_time": 0.7568}, {"id": "l_13", "response_time": 0.2778}, {"id": "l_14", "response_time": 0.9396}, {"id": "l_15", "response_time": 0.8262}, {"id": "l_16", "response_time": 0.2644}, {"id": "l_17", "response_time": 0.304}, {"id": "l_18", "response_time": 0.3802}, {"id": "l_19", "response_time": 0.2109}, {"id": "l_20", "response_time": 0.6695}, {"id": "l_21", "response_time": 0.141}, {"id": "l_22", "response_time": 0.2217}, {"id": "l_23", "response_time": 0.7883}, {"id": "l_24", "response_time": 0.5111}, {"id": "l_25", "response_time": 0.4342}, {"id": "l_26", "response_time": 0.178}, {"id": "l_27", "response_time": 0.4121}, {"id": "l_28", "response_time": 0.8076}], "worker_graph": [[0.0, 0.7848, 0.7412, 0.4268, 0.8532, 0.3379, 0.4592, 0.7258], [0.7848, 0.0, 0.0397, 0.6124, 0.9266, 0.3605, 0.7568, 0.2778], [0.7412, 0.0397, 0.0, 0.9396, 0.8262, 0.2644, 0.304, 0.3802], [0.4268, 0.6124, 0.9396, 0.0, 0.2109, 0.6695, 0.141, 0.2217], [0.8532, 0.9266, 0.8262, 0.2109, 0.0, 0.7883, 0.5111, 0.4342], [0.3379, 0.3605, 0.2644, 0.6695, 0.7883, 0.0, 0.178, 0.4121], [0.4592, 0.7568, 0.304, 0.141, 0.5111, 0.178, 0.0, 0.8076], [0.7258, 0.2778, 0.3802, 0.2217, 0.4342, 0.4121, 0.8076, 0.0]], "tasks": [{"id": "t_0", "cpu_required": 1, "memory_required": 512, "disk_required": 1024}, {"id": "t_1", "cpu_required": 1, "memory_required": 512, "disk_required": 1024}, {"id": "t_2", "cpu_required": 1, "memory_required": 512, "disk_required": 1024}, {"id": "t_3", "cpu_required": 1, "memory_required": 512, "disk_required": 1024}, {"id": "t_4", "cpu_required": 1, "memory_required": 512, "disk_required": 1024}, {"id": "t_5", "cpu_required": 1, "memory_required": 512, "disk_required": 1024}, {"id": "t_6", "cpu_required": 1, "memory_required": 512, "disk_required": 1024}, {"id": "t_7", "cpu_required": 1, "memory_required": 512, "disk_required": 1024}], "deployments": {"w_0": ["t_0"], "w_1": ["t_1"], "w_2": ["t_2"], "w_3": ["t_3"], "w_4": ["t_4"], "w_5": ["t_5"], "w_6": ["t_6"], "w_7": ["t_7"]}, "task_affinity_graph": [[0.0, 0.4907, 0.4896, 0.1395, 0.3381, 0.8683, 0.8896, 0.4438], [0.4907, 0.0, 0.253, 0.7397, 0.6312, 0.0603, 0.1098, 0.8127], [0.4896, 0.253, 0.0, 0.6115, 0.1529, 0.0252, 0.1816, 0.1295], [0.1395, 0.7397, 0.6115, 0.0, 0.8765, 0.0447, 0.9604, 0.1987], [0.3381, 0.6312, 0.1529, 0.8765, 0.0, 0.4554, 0.3739, 0.386], [0.8683, 0.0603, 0.0252, 0.0447, 0.4554, 0.0, 0.1553, 0.5719], [0.8896, 0.1098, 0.1816, 0.9604, 0.3739, 0.1553, 0.0, 0.4893], [0.4438, 0.8127, 0.1295, 0.1987, 0.386, 0.5719, 0.4893, 0.0]]}