{"workers": [{"id": "w_0", "cpu": 4, "memory": 1024, "disk": 4096}, {"id": "w_1", "cpu": 4, "memory": 1024, "disk": 4096}, {"id": "w_2", "cpu": 4, "memory": 1024, "disk": 4096}, {"id": "w_3", "cpu": 4, "memory": 1024, "disk": 4096}, {"id": "w_4", "cpu": 4, "memory": 1024, "disk": 4096}, {"id": "w_5", "cpu": 4, "memory": 1024, "disk": 4096}], "links": [{"id": "l_0", "response_time": 0.0}, {"id": "l_1", "response_time": 0.6938}, {"id": "l_2", "response_time": 0.966}, {"id": "l_3", "response_time": 0.7502}, {"id": "l_4", "response_time": 0.5735}, {"id": "l_5", "response_time": 0.5708}, {"id": "l_6", "response_time": 0.6525}, {"id": "l_7", "response_time": 0.6262}, {"id": "l_8", "response_time": 0.4699}, {"id": "l_9", "response_time": 0.398}, {"id": "l_10", "response_time": 0.3465}, {"id": "l_11", "response_time": 0.494}, {"id": "l_12", "response_time": 0.5958}, {"id": "l_13", "response_time": 0.0927}, {"id": "l_14", "response_time": 0.7225}, {"id": "l_15", "response_time": 0.9089}], "worker_graph": [[0.0, 0.6938, 0.966, 0.7502, 0.5735, 0.5708], [0.6938, 0.0, 0.6525, 0.6262, 0.4699, 0.398], [0.966, 0.6525, 0.0, 0.3465, 0.494, 0.5958], [0.7502, 0.6262, 0.3465, 0.0, 0.0927, 0.7225], [0.5735, 0.4699, 0.494, 0.0927, 0.0, 0.9089], [0.5708, 0.398, 0.5958, 0.7225, 0.9089, 0.0]], "tasks": [{"id": "t_0", "cpu_required": 1, "memory_required": 512, "disk_required": 1024}, {"id": "t_1", "cpu_required": 1, "memory_required": 512, "disk_required": 1024}, {"id": "t_2", "cpu_required": 1, "memory_required": 512, "disk_required": 1024}, {"id": "t_3", "cpu_required": 1, "memory_required": 512, "disk_required": 1024}, {"id": "t_4", "cpu_required": 1, "memory_required": 512, "disk_required": 1024}, {"id": "t_5", "cpu_required": 1, "memory_required": 512, "disk_required": 1024}], "deployments": {"w_0": ["t_0"], "w_1": ["t_1"], "w_2": ["t_2"], "w_3": ["t_3"], "w_4": ["t_4"], "w_5": ["t_5"]}, "task_affinity_graph": [[0.0, 0.9574, 0.7754, 0.8746, 0.4213, 0.4006], [0.9574, 0.0, 0.7572, 0.2105, 0.3167, 0.2252], [0.7754, 0.7572, 0.0, 0.8763, 0.0195, 0.3722], [0.8746, 0.2105, 0.8763, 0.0, 0.7395, 0.4481], [0.4213, 0.3167, 0.0195, 0.7395, 0.0, 0.2158], [0.4006, 0.2252, 0.3722, 0.4481, 0.2158, 0.0]]}