{"workers": [{"id": "w_0", "cpu": 4, "memory": 1024, "disk": 4096}, {"id": "w_1", "cpu": 4, "memory": 1024, "disk": 4096}, {"id": "w_2", "cpu": 4, "memory": 1024, "disk": 4096}, {"id": "w_3", "cpu": 4, "memory": 1024, "disk": 4096}, {"id": "w_4", "cpu": 4, "memory": 1024, "disk": 4096}], "links": [{"id": "l_0", "response_time": 0.0}, {"id": "l_1", "response_time": 0.928}, {"id": "l_2", "response_time": 0.1316}, {"id": "l_3", "response_time": 0.8141}, {"id": "l_4", "response_time": 0.9549}, {"id": "l_5", "response_time": 0.4573}, {"id": "l_6", "response_time": 0.5903}, {"id": "l_7", "response_time": 0.0968}, {"id": "l_8", "response_time": 0.604}, {"id": "l_9", "response_time": 0.8449}, {"id": "l_10", "response_time": 0.2683}], "worker_graph": [[0.0, 0.928, 0.1316, 0.8141, 0.9549], [0.928, 0.0, 0.4573, 0.5903, 0.0968], [0.1316, 0.4573, 0.0, 0.604, 0.8449], [0.8141, 0.5903, 0.604, 0.0, 0.2683], [0.9549, 0.0968, 0.8449, 0.2683, 0.0]], "tasks": [{"id": "t_0", "cpu_required": 1, "memory_required": 512, "disk_required": 1024}, {"id": "t_1", "cpu_required": 1, "memory_required": 512, "disk_required": 1024}, {"id": "t_2", "cpu_required": 1, "memory_required": 512, "disk_required": 1024}, {"id": "t_3", "cpu_required": 1, "memory_required": 512, "disk_required": 1024}, {"id": "t_4", "cpu_required": 1, "memory_required": 512, "disk_required": 1024}], "deployments": {"w_0": ["t_0"], "w_1": ["t_1"], "w_2": ["t_2"], "w_3": ["t_3"], "w_4": ["t_4"]}, "task_affinity_graph": [[0.0, 0.5888, 0.4522, 0.7374, 0.9665], [0.5888, 0.0, 0.1665, 0.365, 0.7629], [0.4522, 0.1665, 0.0, 0.4744, 0.1527], [0.7374, 0.365, 0.4744, 0.0, 0.5413], [0.9665, 0.7629, 0.1527, 0.5413, 0.0]]}