{"workers": [{"id": "w_0", "cpu": 4, "memory": 1024, "disk": 4096}, {"id": "w_1", "cpu": 4, "memory": 1024, "disk": 4096}, {"id": "w_2", "cpu": 4, "memory": 1024, "disk": 4096}, {"id": "w_3", "cpu": 4, "memory": 1024, "disk": 4096}, {"id": "w_4", "cpu": 4, "memory": 1024, "disk": 4096}, {"id": "w_5", "cpu": 4, "memory": 1024, "disk": 4096}, {"id": "w_6", "cpu": 4, "memory": 1024, "disk": 4096}, {"id": "w_7", "cpu": 4, "memory": 1024, "disk": 4096}, {"id": "w_8", "cpu": 4, "memory": 1024, "disk": 4096}], "links": [{"id": "l_0", "response_time": 0.0}, {"id": "l_1", "response_time": 0.6421}, {"id": "l_2", "response_time": 0.4505}, {"id": "l_3", "response_time": 0.5861}, {"id": "l_4", "response_time": 0.528}, {"id": "l_5", "response_time": 0.7608}, {"id": "l_6", "response_time": 0.5584}, {"id": "l_7", "response_time": 0.7385}, {"id": "l_8", "response_time": 0.1916}, {"id": "l_9", "response_time": 0.1929}, {"id": "l_10", "response_time": 0.9251}, {"id": "l_11", "response_time": 0.3387}, {"id": "l_12", "response_time": 0.2495}, {"id": "l_13", "response_time": 0.5202}, {"id": "l_14", "response_time": 0.7771}, {"id": "l_15", "response_time": 0.5627}, {"id": "l_16", "response_time": 0.2713}, {"id": "l_17", "response_time": 0.2686}, {"id": "l_18", "response_time": 0.1139}, {"id": "l_19", "response_time": 0.7213}, {"id": "l_20", "response_time": 0.7494}, {"id": "l_21", "response_time": 0.2771}, {"id": "l_22", "response_time": 0.0189}, {"id": "l_23", "response_time": 0.095}, {"id": "l_24", "response_time": 0.6713}, {"id": "l_25", "response_time": 0.4431}, {"id": "l_26", "response_time": 0.0067}, {"id": "l_27", "response_time": 0.4812}, {"id": "l_28", "response_time": 0.1016}, {"id": "l_29", "response_time": 0.114}, {"id": "l_30", "response_time": 0.2388}, {"id": "l_31", "response_time": 0.5916}, {"id": "l_32", "response_time": 0.606}, {"id": "l_33", "response_time": 0.811}, {"id": "l_34", "response_time": 0.716}, {"id": "l_35", "response_time": 0.2273}, {"id": "l_36", "response_time": 0.8923}], "worker_graph": [[0.0, 0.6421, 0.4505, 0.5861, 0.528, 0.7608, 0.5584, 0.7385, 0.1916], [0.6421, 0.0, 0.1929, 0.9251, 0.3387, 0.2495, 0.5202, 0.7771, 0.5627], [0.4505, 0.1929, 0.0, 0.2713, 0.2686, 0.1139, 0.7213, 0.7494, 0.2771], [0.5861, 0.9251, 0.2713, 0.0, 0.0189, 0.095, 0.6713, 0.4431, 0.0067], [0.528, 0.3387, 0.2686, 0.0189, 0.0, 0.4812, 0.1016, 0.114, 0.2388], [0.7608, 0.2495, 0.1139, 0.095, 0.4812, 0.0, 0.5916, 0.606, 0.811], [0.5584, 0.5202, 0.7213, 0.6713, 0.1016, 0.5916, 0.0, 0.716, 0.2273], [0.7385, 0.7771, 0.7494, 0.4431, 0.114, 0.606, 0.716, 0.0, 0.8923], [0.1916, 0.5627, 0.2771, 0.0067, 0.2388, 0.811, 0.2273, 0.8923, 0.0]], "tasks": [{"id": "t_0", "cpu_required": 1, "memory_required": 512, "disk_required": 1024}, {"id": "t_1", "cpu_required": 1, "memory_required": 512, "disk_required": 1024}, {"id": "t_2", "cpu_required": 1, "memory_required": 512, "disk_required": 1024}, {"id": "t_3", "cpu_required": 1, "memory_required": 512, "disk_required": 1024}, {"id": "t_4", "cpu_required": 1, "memory_required": 512, "disk_required": 1024}, {"id": "t_5", "cpu_required": 1, "memory_required": 512, "disk_required": 1024}, {"id": "t_6", "cpu_required": 1, "memory_required": 512, "disk_required": 1024}, {"id": "t_7", "cpu_required": 1, "memory_required": 512, "disk_required": 1024}, {"id": "t_8", "cpu_required": 1, "memory_required": 512, "disk_required": 1024}], "deployments": {"w_0": ["t_0"], "w_1": ["t_1"], "w_2": ["t_2"], "w_3": ["t_3"], "w_4": ["t_4"], "w_5": ["t_5"], "w_6": ["t_6"], "w_7": ["t_7"], "w_8": ["t_8"]}, "task_affinity_graph": [[0.0, 0.2744, 0.5506, 0.681, 0.0417, 0.6488, 0.9583, 0.4573, 0.4652], [0.2744, 0.0, 0.1313, 0.1921, 0.1533, 0.4541, 0.4329, 0.2367, 0.3231], [0.5506, 0.1313, 0.0, 0.1321, 0.7917, 0.2201, 0.9747, 0.1748, 0.0287], [0.681, 0.1921, 0.1321, 0.0, 0.682, 0.5987, 0.7329, 0.5153, 0.1663], [0.0417, 0.1533, 0.7917, 0.682, 0.0, 0.325, 0.079, 0.3561, 0.0156], [0.6488, 0.4541, 0.2201, 0.5987, 0.325, 0.0, 0.0448, 0.2257, 0.9345], [0.9583, 0.4329, 0.9747, 0.7329, 0.079, 0.0448, 0.0, 0.4804, 0.6627], [0.4573, 0.2367, 0.1748, 0.5153, 0.3561, 0.2257, 0.4804, 0.0, 0.2162], [0.4652, 0.3231, 0.0287, 0.1663, 0.0156, 0.9345, 0.6627, 0.2162, 0.0]]}