{
  "workers": [
    { "id": "w_0", "cpu": 4, "memory": 1024, "disk": 4096 },
    { "id": "w_1", "cpu": 4, "memory": 1024, "disk": 4096 },
    { "id": "w_2", "cpu": 4, "memory": 1024, "disk": 4096 },
    { "id": "w_3", "cpu": 4, "memory": 1024, "disk": 4096 },
    { "id": "w_4", "cpu": 4, "memory": 1024, "disk": 4096 },
    { "id": "w_5", "cpu": 4, "memory": 1024, "disk": 4096 },
    { "id": "w_6", "cpu": 4, "memory": 1024, "disk": 4096 },
    { "id": "w_7", "cpu": 4, "memory": 1024, "disk": 4096 },
    { "id": "w_8", "cpu": 4, "memory": 1024, "disk": 4096 },
    { "id": "w_9", "cpu": 4, "memory": 1024, "disk": 4096 }
  ],
  "links": [
    { "id": "l_0", "response_time": 0.0 },
    { "id": "l_1", "response_time": 0.2127 },
    { "id": "l_2", "response_time": 0.4989 },
    { "id": "l_3", "response_time": 0.7969 },
    { "id": "l_4", "response_time": 0.0654 },
    { "id": "l_5", "response_time": 0.6895 },
    { "id": "l_6", "response_time": 0.7764 },
    { "id": "l_7", "response_time": 0.2239 },
    { "id": "l_8", "response_time": 0.5437 },
    { "id": "l_9", "response_time": 0.9778 },
    { "id": "l_10", "response_time": 0.0533 },
    { "id": "l_11", "response_time": 0.3674 },
    { "id": "l_12", "response_time": 0.7839 },
    { "id": "l_13", "response_time": 0.3894 },
    { "id": "l_14", "response_time": 0.1477 },
    { "id": "l_15", "response_time": 0.3717 },
    { "id": "l_16", "response_time": 0.8597 },
    { "id": "l_17", "response_time": 0.4683 },
    { "id": "l_18", "response_time": 0.6521 },
    { "id": "l_19", "response_time": 0.4503 },
    { "id": "l_20", "response_time": 0.6549 },
    { "id": "l_21", "response_time": 0.5262 },
    { "id": "l_22", "response_time": 0.141 },
    { "id": "l_23", "response_time": 0.1413 },
    { "id": "l_24", "response_time": 0.157 },
    { "id": "l_25", "response_time": 0.7999 },
    { "id": "l_26", "response_time": 0.8174 },
    { "id": "l_27", "response_time": 0.9028 },
    { "id": "l_28", "response_time": 0.3302 },
    { "id": "l_29", "response_time": 0.3954 },
    { "id": "l_30", "response_time": 0.8511 },
    { "id": "l_31", "response_time": 0.4165 },
    { "id": "l_32", "response_time": 0.871 },
    { "id": "l_33", "response_time": 0.6705 },
    { "id": "l_34", "response_time": 0.1131 },
    { "id": "l_35", "response_time": 0.9269 },
    { "id": "l_36", "response_time": 0.089 },
    { "id": "l_37", "response_time": 0.7453 },
    { "id": "l_38", "response_time": 0.565 },
    { "id": "l_39", "response_time": 0.0385 },
    { "id": "l_40", "response_time": 0.2946 },
    { "id": "l_41", "response_time": 0.9815 },
    { "id": "l_42", "response_time": 0.7706 },
    { "id": "l_43", "response_time": 0.9936 },
    { "id": "l_44", "response_time": 0.7243 },
    { "id": "l_45", "response_time": 0.9266 }
  ],
  "worker_graph": [
    [0.0, 0.2127, 0.4989, 0.7969, 0.0654, 0.6895, 0.7764, 0.2239, 0.5437, 0.9778],
    [0.2127, 0.0, 0.0533, 0.3674, 0.7839, 0.3894, 0.1477, 0.3717, 0.8597, 0.4683],
    [0.4989, 0.0533, 0.0, 0.6521, 0.4503, 0.6549, 0.5262, 0.141, 0.1413, 0.157],
    [0.7969, 0.3674, 0.6521, 0.0, 0.7999, 0.8174, 0.9028, 0.3302, 0.3954, 0.8511],
    [0.0654, 0.7839, 0.4503, 0.7999, 0.0, 0.4165, 0.871, 0.6705, 0.1131, 0.9269],
    [0.6895, 0.3894, 0.6549, 0.8174, 0.4165, 0.0, 0.089, 0.7453, 0.565, 0.0385],
    [0.7764, 0.1477, 0.5262, 0.9028, 0.871, 0.089, 0.0, 0.2946, 0.9815, 0.7706],
    [0.2239, 0.3717, 0.141, 0.3302, 0.6705, 0.7453, 0.2946, 0.0, 0.9936, 0.7243],
    [0.5437, 0.8597, 0.1413, 0.3954, 0.1131, 0.565, 0.9815, 0.9936, 0.0, 0.9266],
    [0.9778, 0.4683, 0.157, 0.8511, 0.9269, 0.0385, 0.7706, 0.7243, 0.9266, 0.0]
  ],
  "tasks": [
    { "id": "t_0", "cpu_required": 1, "memory_required": 512, "disk_required": 1024 },
    { "id": "t_1", "cpu_required": 1, "memory_required": 512, "disk_required": 1024 },
    { "id": "t_2", "cpu_required": 1, "memory_required": 512, "disk_required": 1024 },
    { "id": "t_3", "cpu_required": 1, "memory_required": 512, "disk_required": 1024 },
    { "id": "t_4", "cpu_required": 1, "memory_required": 512, "disk_required": 1024 },
    { "id": "t_5", "cpu_required": 1, "memory_required": 512, "disk_required": 1024 },
    { "id": "t_6", "cpu_required": 1, "memory_required": 512, "disk_required": 1024 },
    { "id": "t_7", "cpu_required": 1, "memory_required": 512, "disk_required": 1024 },
    { "id": "t_8", "cpu_required": 1, "memory_required": 512, "disk_required": 1024 },
    { "id": "t_9", "cpu_required": 1, "memory_required": 512, "disk_required": 1024 }
  ],
  "deployments": {
    "w_0": ["t_0"],
    "w_1": ["t_1"],
    "w_2": ["t_2"],
    "w_3": ["t_3"],
    "w_4": ["t_4"],
    "w_5": ["t_5"],
    "w_6": ["t_6"],
    "w_7": ["t_7"],
    "w_8": ["t_8"],
    "w_9": ["t_9"]
  },
  "task_affinity_graph": [
    [0.0, 0.8477, 0.9813, 0.139, 0.3257, 0.8031, 0.0941, 0.93, 0.3853, 0.7237],
    [0.8477, 0.0, 0.5494, 0.9032, 0.039, 0.1659, 0.5071, 0.3891, 0.6367, 0.549],
    [0.9813, 0.5494, 0.0, 0.4251, 0.6396, 0.0082, 0.4073, 0.9216, 0.9734, 0.0927],
    [0.139, 0.9032, 0.4251, 0.0, 0.9376, 0.5841, 0.1843, 0.2632, 0.4165, 0.0584],
    [0.3257, 0.039, 0.6396, 0.9376, 0.0, 0.4061, 0.9477, 0.3406, 0.8285, 0.3742],
    [0.8031, 0.1659, 0.0082, 0.5841, 0.4061, 0.0, 0.9157, 0.8981, 0.4075, 0.6649],
    [0.0941, 0.5071, 0.4073, 0.1843, 0.9477, 0.9157, 0.0, 0.0049, 0.1792, 0.9393],
    [0.93, 0.3891, 0.9216, 0.2632, 0.3406, 0.8981, 0.0049, 0.0, 0.6873, 0.9948],
    [0.3853, 0.6367, 0.9734, 0.4165, 0.8285, 0.4075, 0.1792, 0.6873, 0.0, 0.4041],
    [0.7237, 0.549, 0.0927, 0.0584, 0.3742, 0.6649, 0.9393, 0.9948, 0.4041, 0.0]
  ]
}
