{
  "workers": [
    { "id": "w_0", "cpu": 4, "memory": 1024, "disk": 4096 },
    { "id": "w_1", "cpu": 4, "memory": 1024, "disk": 4096 },
    { "id": "w_2", "cpu": 4, "memory": 1024, "disk": 4096 },
    { "id": "w_3", "cpu": 4, "memory": 1024, "disk": 4096 },
    { "id": "w_4", "cpu": 4, "memory": 1024, "disk": 4096 },
    { "id": "w_5", "cpu": 4, "memory": 1024, "disk": 4096 }
  ],
  "links": [
    { "id": "l_0", "response_time": 0.0 },
    { "id": "l_1", "response_time": 0.0046 },
    { "id": "l_2", "response_time": 0.5665 },
    { "id": "l_3", "response_time": 0.3525 },
    { "id": "l_4", "response_time": 0.0868 },
    { "id": "l_5", "response_time": 0.6177 },
    { "id": "l_6", "response_time": 0.6002 },
    { "id": "l_7", "response_time": 0.096 },
    { "id": "l_8", "response_time": 0.8372 },
    { "id": "l_9", "response_time": 0.2354 },
    { "id": "l_10", "response_time": 0.4106 },
    { "id": "l_11", "response_time": 0.5721 },
    { "id": "l_12", "response_time": 0.4221 },
    { "id": "l_13", "response_time": 0.5322 },
    { "id": "l_14", "response_time": 0.2078 },
    { "id": "l_15", "response_time": 0.4525 }
  ],
  "worker_graph": [
    [0.0, 0.0046, 0.5665, 0.3525, 0.0868, 0.6177],
    [0.0046, 0.0, 0.6002, 0.096, 0.8372, 0.2354],
    [0.5665, 0.6002, 0.0, 0.4106, 0.5721, 0.4221],
    [0.3525, 0.096, 0.4106, 0.0, 0.5322, 0.2078],
    [0.0868, 0.8372, 0.5721, 0.5322, 0.0, 0.4525],
    [0.6177, 0.2354, 0.4221, 0.2078, 0.4525, 0.0]
  ],
  "tasks": [
    { "id": "t_0", "cpu_required": 1, "memory_required": 512, "disk_required": 1024 },
    { "id": "t_1", "cpu_required": 1, "memory_required": 512, "disk_required": 1024 },
    { "id": "t_2", "cpu_required": 1, "memory_required": 512, "disk_required": 1024 },
    { "id": "t_3", "cpu_required": 1, "memory_required": 512, "disk_required": 1024 },
    { "id": "t_4", "cpu_required": 1, "memory_required": 512, "disk_required": 1024 },
    { "id": "t_5", "cpu_required": 1, "memory_required": 512, "disk_required": 1024 }
  ],
  "deployments": { "w_0": ["t_0"], "w_1": ["t_1"], "w_2": ["t_2"], "w_3": ["t_3"], "w_4": ["t_4"], "w_5": ["t_5"] },
  "task_affinity_graph": [
    [0.0, 0.7046, 0.9309, 0.6454, 0.1579, 0.0188],
    [0.7046, 0.0, 0.1705, 0.4787, 0.2155, 0.1856],
    [0.9309, 0.1705, 0.0, 0.9751, 0.8099, 0.5057],
    [0.6454, 0.4787, 0.9751, 0.0, 0.1793, 0.4221],
    [0.1579, 0.2155, 0.8099, 0.1793, 0.0, 0.1512],
    [0.0188, 0.1856, 0.5057, 0.4221, 0.1512, 0.0]
  ]
}
