{
  "workers": [
    { "id": "w_0", "cpu": 4, "memory": 1024, "disk": 4096 },
    { "id": "w_1", "cpu": 4, "memory": 1024, "disk": 4096 },
    { "id": "w_2", "cpu": 4, "memory": 1024, "disk": 4096 },
    { "id": "w_3", "cpu": 4, "memory": 1024, "disk": 4096 },
    { "id": "w_4", "cpu": 4, "memory": 1024, "disk": 4096 }
  ],
  "links": [
    { "id": "l_0", "response_time": 0.0 },
    { "id": "l_1", "response_time": 0.8964 },
    { "id": "l_2", "response_time": 0.3083 },
    { "id": "l_3", "response_time": 0.6144 },
    { "id": "l_4", "response_time": 0.4871 },
    { "id": "l_5", "response_time": 0.7298 },
    { "id": "l_6", "response_time": 0.4918 },
    { "id": "l_7", "response_time": 0.7019 },
    { "id": "l_8", "response_time": 0.252 },
    { "id": "l_9", "response_time": 0.4642 },
    { "id": "l_10", "response_time": 0.7222 }
  ],
  "worker_graph": [
    [0.0, 0.8964, 0.3083, 0.6144, 0.4871],
    [0.8964, 0.0, 0.7298, 0.4918, 0.7019],
    [0.3083, 0.7298, 0.0, 0.252, 0.4642],
    [0.6144, 0.4918, 0.252, 0.0, 0.7222],
    [0.4871, 0.7019, 0.4642, 0.7222, 0.0]
  ],
  "tasks": [
    { "id": "t_0", "cpu_required": 1, "memory_required": 512, "disk_required": 1024 },
    { "id": "t_1", "cpu_required": 1, "memory_required": 512, "disk_required": 1024 },
    { "id": "t_2", "cpu_required": 1, "memory_required": 512, "disk_required": 1024 },
    { "id": "t_3", "cpu_required": 1, "memory_required": 512, "disk_required": 1024 },
    { "id": "t_4", "cpu_required": 1, "memory_required": 512, "disk_required": 1024 }
  ],
  "deployments": { "w_0": ["t_0"], "w_1": ["t_1"], "w_2": ["t_2"], "w_3": ["t_3"], "w_4": ["t_4"] },
  "task_affinity_graph": [
    [0.0, 0.6958, 0.4949, 0.3865, 0.7636],
    [0.6958, 0.0, 0.9984, 0.2422, 0.2241],
    [0.4949, 0.9984, 0.0, 0.5369, 0.8192],
    [0.3865, 0.2422, 0.5369, 0.0, 0.4952],
    [0.7636, 0.2241, 0.8192, 0.4952, 0.0]
  ]
}
